0.15891729549162292 0.9724365698487947
0.46022808865580167 0.8763166578637398
0.71882246257685 0.7635272179313821
0.967902088449482 0.6502535214034909
1.239489384277908 0.543171343300179
1.8013189380326518 0.4928547149654826
2.275390439985512 0.5885751024511787
3.0089027209343815 0.6145541930932145
3.8107567111591782 0.5865149047485518
4.6069047011138835 0.6096744772912226
5.260223486230462 0.5456684964842649
5.582787266329744 0.43846121341333977
5.800236568393776 0.3241035396768709
5.978842321585997 0.2099899523577834
6.153577989595691 0.09596004674520286
6.313718059705801 -0.02259754597230268
6.463225283186997 -0.13515974337405345
6.67501570885892 -0.24907477369844755
6.931241915602659 -0.3589381317933247
7.496243415423098 -0.3994542817876825
7.843772622755123 -0.2937677521156874
8.127068942481317 -0.18154368718164537
8.533175595874974 -0.08240887804133656
9.073392867043985 -0.15304106868427492
9.58470273506729 -0.23571096820393955
10.096218929165481 -0.15040472418431539
10.455838778483743 -0.04473406943196534
11.023221076911735 -0.06547784657637412
11.36428119085269 -0.17042039325408287
11.72953482098462 -0.27626440050642254
12.325646848576563 -0.3517562322166923
12.837204719610655 -0.26941321833993537
13.130007095490368 -0.16248812946609892
13.412187713307715 -0.050356042358441044
13.806154914627745 0.052265038914921735
14.45228446385491 0.041688427610724776
14.794398207395934 -0.06590561323245203
15.009288282466697 -0.18019258844814834
15.249334363484811 -0.29155247551851615
15.563754750709988 -0.4043139207707993
16.061473018064376 -0.3802497830319529
16.34629421072431 -0.27321663976870303
16.651141874679453 -0.1630827627565108
17.217610369514283 -0.19827348797238797
17.829411948573195 -0.23738896091720196
18.232933419554456 -0.13709360971905538
18.528258063445016 -0.02685584895346138
18.876912756779305 0.07822700950299133
19.461149665470344 0.09705613164678306
19.756857481725547 -0.0025955901763827782
19.9231811786537 -0.05424940723881955
