0.041632281278863204 0.9965834619592323
0.6089391724295838 0.8111232254907008
0.9355787108260811 0.6180264285079156
1.189061929535832 0.426075772516209
1.4872278184245475 0.23250940100578665
1.7935295210055555 0.04620726845323486
2.304568201182332 -0.11352687908857018
2.9249879232293337 0.0005029874762929598
3.339869437737055 0.17301334585634032
3.8410369231528048 0.3332015357806699
4.496313800935181 0.27417699479333657
4.872633747946559 0.0932737282439291
5.1315382504821185 -0.1020892205508992
5.394021747079077 -0.30497846346985047
5.629661316060626 -0.5003728489819448
5.911348637313531 -0.6879067742868479
6.337834998471581 -0.863554253552528
6.934627434460018 -0.7661186918695133
7.249046898095609 -0.5726809583814312
7.495992411964459 -0.3838064894753015
7.750987776846197 -0.1793672956254424
8.04373078279778 0.014199551644378694
8.39947277886672 0.19839807418454858
9.068418195392518 0.24729164812429483
9.690997994574609 0.10373161519295593
10.395729467477544 0.006995822393343953
11.024133430599644 0.12340210716038169
11.42483018439718 0.30259922730822786
11.766882944118848 0.4886504301451082
12.118508359366555 0.6759135385608748
12.619671617097836 0.8351674102176828
13.256175461998183 0.7416475679765685
13.586994852082594 0.5594690466543428
13.836298341646007 0.35662719669099063
14.062882550300685 0.1599981789394478
14.285356184824245 -0.03223877442032852
14.52443030505393 -0.23354298626869374
14.82404542243005 -0.4302153184572193
15.356207204970037 -0.564166182611959
15.889657711920705 -0.4109491121890225
16.24075598707817 -0.2258389980418929
16.619276276602665 -0.03481153486712696
17.26069694917518 0.045458591072976784
17.692117371988086 -0.12693231510083502
17.995998508076813 -0.3224621090574977
18.277656123926242 -0.5165609285300885
18.585682677519245 -0.7087824014109314
19.062655553617738 -0.8684289575569881
19.768336968839485 -0.7552274978978679
19.97090698646157 -0.6481938376347256
