0.12988715094921854 0.985781130925212
0.8218771291875173 0.6814639800594069
1.2207058920424547 0.3586082098013059
1.549967931453545 0.03999625613709812
1.8669204654701428 -0.27226917776507076
2.2519581251467082 -0.5876246734267032
2.8141338625261243 -0.8852500198773154
3.6548127097583807 -0.8161073968892163
4.151056098668808 -0.498875173640859
4.531016997748833 -0.17958820690016086
4.910838241403783 0.12964822441604884
5.310794318584029 0.4418112127763618
5.909257100143843 0.744914465405436
6.8502311436432715 0.6721791319037256
7.358141117470731 0.3721772735855904
7.797675728913895 0.06510712120228046
8.285228538277874 -0.24309269690868174
8.882568800258966 -0.528680405244935
9.934540490261867 -0.48662508548625993
10.579574456217891 -0.20648998062334734
11.183908222644725 0.07704131046942164
12.082252468159112 0.2961704298283654
13.207296834241664 0.18616609774750614
14.146325362339027 -0.015852480419858317
15.340817664806842 -0.04159894283269727
16.48922893740931 0.07319578820732042
17.628359741933195 -0.0230545240458655
18.586081360011775 -0.24970977387695692
19.687129151278075 -0.28137027769930256
20.461896583004005 -0.02051587758599549
21.08029625258952 0.2605394405303998
21.766832093257747 0.5314492520413134
22.77011117175391 0.4750312806060646
23.366452095655116 0.1793212147446721
23.792223581666164 -0.118235197903231
24.259698027486955 -0.42529761667967003
24.808026658318315 -0.7194530643720274
25.744057209223833 -0.6911157721198378
26.260482728983842 -0.37828217482537596
26.639041105885898 -0.07360867301787
27.00542063918442 0.23499891420946994
27.428010855523606 0.5583991068945398
27.927715970449594 0.8626235737654924
28.837573576542436 0.8234076139697408
29.345474889161846 0.5120534236099927
29.634807806513006 0.2055609812253496
29.87429965815249 0.025515884060305805
