0.0 	0.9999989989994165	
0.1 	0.994852695699868	
0.2 	0.9798156868034266	
0.3 	0.9551862898092515	
0.4 	0.921448483556514	
0.5 	0.8792562332743004	
0.6 	0.8294135601346644	
0.7 	0.7728519699801716	
0.8 	0.7106068751003524	
0.9 	0.643794440568359	
1.0 	0.5735899058267679	
1.1 	0.5012079400109982	
1.2 	0.4278850644638033	
1.3 	0.3548636957644037	
1.4 	0.28337699439219227	
1.5 	0.2146334975202824	
1.6 	0.1498004980859196	
1.7 	0.08998531256090735	
1.8 	0.036213940611211186	
1.9 	-0.010592876871702022	
2.0 	-0.049645607177201734	
2.1 	-0.08031269102738083	
2.2 	-0.10214640989676238	
2.3 	-0.11490577988010289	
2.4 	-0.11857426797589132	
2.5 	-0.1133702772672211	
2.6 	-0.0997487845973083	
2.7 	-0.07839319950046952	
2.8 	-0.050197363574236084	
2.9 	-0.01623850903382086	
3.0 	0.02225718619059349	
3.1 	0.06395419166852297	
3.2 	0.10744978031297964	
3.3 	0.15131615404481563	
3.4 	0.1941402427757792	
3.5 	0.23455941026211674	
3.6 	0.2712919616619143	
3.7 	0.30316202740181075	
3.8 	0.32911899564655916	
3.9 	0.3482521096160072	
4.0 	0.3598011014497181	
4.1 	0.3631638023358749	
4.2 	0.3579015782361873	
4.3 	0.3437432377928464	
4.4 	0.320587796220424	
4.5 	0.2885062063700845	
4.6 	0.2477419281037763	
4.7 	0.19871003050494288	
4.8 	0.1419944249985489	
4.9 	0.0783428120395817	
5.0 	0.008658974805486282	
5.1 	-0.06600785710494694	
5.2 	-0.14447675556059886	
5.3 	-0.22545206221556055	
5.4 	-0.3075436495234501	
5.5 	-0.3892905376782503	
5.6 	-0.4691879178785426	
5.7 	-0.5457175695436399	
5.8 	-0.6173815004752415	
5.9 	-0.6827383568560664	
6.0 	-0.7404417505939931	
6.1 	-0.7892791820403972	
6.2 	-0.8282097802035355	
6.3 	-0.8563987440805235	
6.4 	-0.873246247066624	
6.5 	-0.8784087299556247	
6.6 	-0.8718109727660722	
6.7 	-0.8536480550687693	
6.8 	-0.8243771848173854	
6.9 	-0.7847002553264537	
7.0 	-0.7355387297672558	
7.1 	-0.6780029287409262	
7.2 	-0.6133579391774275	
7.3 	-0.5429881711730213	
7.4 	-0.4683621305192219	
7.5 	-0.3909983661851911	
7.6 	-0.3124329333074908	
7.7 	-0.23418821267553247	
7.8 	-0.15774263996157684	
7.9 	-0.08450086286365112	
8.0 	-0.015764049256785793	
8.1 	0.047299542039565164	
8.2 	0.10368312833284457	
8.3 	0.15256801608422155	
8.4 	0.19334676316111732	
8.5 	0.22564115484907726	
8.6 	0.24931324335768848	
8.7 	0.2644679400897699	
8.8 	0.2714461405054613	
8.9 	0.2708080616592061	
9.0 	0.26330730363570387	
9.1 	0.24985700016526122	
9.2 	0.23149017975730246	
9.3 	0.20931700457647934	
9.4 	0.18448180813416815	
9.5 	0.15812277864290847	
9.6 	0.13133674756359312	
9.7 	0.10515090251966422	
9.8 	0.08050244121037191	
9.9 	0.05822632225753988	
10.0 	0.03905045129349259	
10.1 	0.023596953145261577	
10.2 	0.012387690395881262	
10.3 	0.005851938356068553	
10.4 	0.004334135223704452	
10.5 	0.008099886508137845	
10.6 	0.017338880448785038	
10.7 	0.03216400667327654	
10.8 	0.052606683950354796	
10.9 	0.07860910331366541	
11.0 	0.11001468858338857	
11.1 	0.14655848751442033	
11.2 	0.18785937552782714	
11.3 	0.23341585208457738	
11.4 	0.28260684387358015	
11.5 	0.33469834260978937	
11.6 	0.38885597711391795	
11.7 	0.4441628566504124	
11.8 	0.4996413474732414	
11.9 	0.5542769746664085	
12.0 	0.6070424659973136	
12.1 	0.6569201131855085	
12.2 	0.7029210952921446	
12.3 	0.7441011027474915	
12.4 	0.7795723853884007	
12.5 	0.8085130700509331	
12.6 	0.8301751107663435	
12.7 	0.8438924459668493	
12.8 	0.8490908004220592	
12.9 	0.845300108807563	
13.0 	0.8321698364142898	
13.1 	0.809486657918302	
13.2 	0.7771931763863251	
13.3 	0.7354057670509897	
13.4 	0.6844293294640816	
13.5 	0.6247667906477508	
13.6 	0.5571216166538236	
13.7 	0.48239228663878014	
13.8 	0.4016585319799701	
13.9 	0.3161599846244596	
14.0 	0.2272685633741031	
14.1 	0.13645634635729878	
14.2 	0.045260789528050585	
14.3 	-0.044751020000096335	
14.4 	-0.1320177617816621	
14.5 	-0.21501808930564165	
14.6 	-0.29230326805498463	
14.7 	-0.3625282318685424	
14.8 	-0.42448125396659986	
14.9 	-0.477112447754448	
15.0 	-0.5195611343315494	
15.1 	-0.5511817591733705	
15.2 	-0.5715675628687763	
15.3 	-0.5805706989630803	
15.4 	-0.5783170645107942	
15.5 	-0.565213894312576	
15.6 	-0.5419482741967869	
15.7 	-0.5094752012835324	
15.8 	-0.4689946277043727	
15.9 	-0.4219179522342704	
16.0 	-0.36982549327860137	
16.1 	-0.31441738803808883	
16.2 	-0.257460945947572	
16.3 	-0.20073763733603014	
16.4 	-0.1459926076645324	
16.5 	-0.09488894852686039	
16.6 	-0.048968071076462956	
16.7 	-0.009616593096891057	
16.8 	0.021960655771737038	
16.9 	0.044762442658837234	
17.0 	0.058008870515524565	
17.1 	0.06115599117235107	
17.2 	0.05390777679473843	
17.3 	0.03622532078199385	
17.4 	0.008332532396713277	
17.5 	-0.0292828617886563	
17.6 	-0.07587439195743392	
17.7 	-0.13044928573473813	
17.8 	-0.19178922385477526	
17.9 	-0.2584798406337437	
18.0 	-0.3289487859880079	
18.1 	-0.40151151702281795	
18.2 	-0.47442333251821706	
18.3 	-0.545935519853664	
18.4 	-0.6143528846083522	
18.5 	-0.6780894518641183	
18.6 	-0.7357188787004924	
18.7 	-0.7860162234378825	
18.8 	-0.8279882636887863	
18.9 	-0.8608905403360622	
19.0 	-0.8842306170595852	
19.1 	-0.8977584804119824	
19.2 	-0.9014463159964163	
19.3 	-0.8954608570151054	
19.4 	-0.8801319663335535	
19.5 	-0.8559210428607463	
19.6 	-0.8233922985096968	
19.7 	-0.7831890640562893	
19.8 	-0.7360162132289488	
19.9 	-0.6826287073555525	
