0.0 	0.9999989989994165	
0.1 	0.9948484516181793	
0.2 	0.9797501579639951	
0.3 	0.9548611285305593	
0.4 	0.920440118101264	
0.5 	0.8768448302449596	
0.6 	0.8245280557961874	
0.7 	0.7640327899115593	
0.8 	0.695986383779559	
0.9 	0.6210937977061597	
1.0 	0.5401300319810303	
1.1 	0.45393182055703457	
1.2 	0.3633886800878243	
1.3 	0.2694334132305812	
1.4 	0.1730321703227501	
1.5 	0.07517417758993664	
1.6 	-0.02313875704422777	
1.7 	-0.12090284767230236	
1.8 	-0.21712293005025396	
1.9 	-0.31082294393518134	
2.0 	-0.401056186271745	
2.1 	-0.48691522583220515	
2.2 	-0.5675413734079676	
2.3 	-0.6421336061936521	
2.4 	-0.7099568506008735	
2.5 	-0.7703495343850506	
2.6 	-0.8227303266496125	
2.7 	-0.8666039929755772	
2.8 	-0.901566302556174	
2.9 	-0.9273079347159959	
3.0 	-0.9436173434549359	
3.1 	-0.9503825505448867	
3.2 	-0.9475918500633682	
3.3 	-0.9353334198940698	
3.4 	-0.9137938484666422	
3.5 	-0.883255597646439	
3.6 	-0.8440934350190706	
3.7 	-0.7967698806524175	
3.8 	-0.7418297245828956	
3.9 	-0.6798936816071411	
4.0 	-0.611651259334039	
4.1 	-0.5378529237623979	
4.2 	-0.4593016538224034	
4.3 	-0.3768439823076356	
4.4 	-0.2913606254068672	
4.5 	-0.20375680661972148	
4.6 	-0.11495238322192716	
4.7 	-0.02587188465950336	
4.8 	0.06256542767219114	
4.9 	0.14945537083601643	
5.0 	0.23391841461809676	
5.1 	0.31510891646311107	
5.2 	0.3922239180499995	
5.3 	0.46451140962541154	
5.4 	0.5312779743220826	
5.5 	0.5918957317300476	
5.6 	0.645808507919918	
5.7 	0.6925371678867185	
5.8 	0.7316840559218885	
5.9 	0.7629364996437767	
6.0 	0.7860693442182476	
6.1 	0.8009464945566568	
6.2 	0.8075214548474141	
6.3 	0.8058368665044188	
6.4 	0.7960230573359544	
6.5 	0.778295626281631	
6.6 	0.7529520992640873	
6.7 	0.7203677023941708	
6.8 	0.68099030880266	
6.9 	0.635334624613427	
7.0 	0.5839756879067359	
7.1 	0.5275417618524852	
7.2 	0.46670670944893516	
7.3 	0.4021819424312707	
7.4 	0.33470804088431066	
7.5 	0.2650461428902096	
7.6 	0.1939692051649485	
7.7 	0.12225323609819641	
7.8 	0.050668601930202666	
7.9 	-0.020028494996081284	
8.0 	-0.08910426984672684	
8.1 	-0.15585524863304953	
8.2 	-0.2196157140561718	
8.3 	-0.2797646225198939	
8.4 	-0.3357319177447194	
8.5 	-0.38700417402018167	
8.6 	-0.4331295104923315	
8.7 	-0.47372172691032766	
8.8 	-0.5084636208499357	
8.9 	-0.5371094564793583	
9.0 	-0.5594865653098422	
9.1 	-0.5754960699462461	
9.2 	-0.585112732481005	
9.3 	-0.5883839397153634	
9.4 	-0.5854278477018062	
9.5 	-0.5764307180432723	
9.6 	-0.5616434878282213	
9.7 	-0.5413776239075654	
9.8 	-0.5160003203251707	
9.9 	-0.4859291050087023	
10.0 	-0.45162592823834813	
10.1 	-0.41359081087919614	
10.2 	-0.3723551348447727	
10.3 	-0.32847466172316825	
10.4 	-0.2825223679226095	
10.5 	-0.23508118606836675	
10.6 	-0.18673674270281013	
10.7 	-0.13807018160652712	
10.8 	-0.08965116027776347	
10.9 	-0.04203110429318928	
11.0 	0.004263199554469454	
11.1 	0.0487355952576233	
11.2 	0.09092606440399943	
11.3 	0.13041568410978963	
11.4 	0.16683097985372494	
11.5 	0.19984762518827565	
11.6 	0.22919344913350528	
11.7 	0.25465072139962247	
11.8 	0.27605769530101326	
11.9 	0.2933093981703492	
12.0 	0.3063576691009087	
12.1 	0.31521045377964196	
12.2 	0.3199303758656968	
12.3 	0.32063261366916174	
12.4 	0.31748211965483203	
12.5 	0.31069022841454413	
12.6 	0.3005107061173369	
12.7 	0.28723530097924604	
12.8 	0.2711888599358339	
12.9 	0.2527240814134244	
13.0 	0.23221597786103967	
13.1 	0.21005612452107725	
13.2 	0.18664677279105493	
13.3 	0.16239490747661314	
13.4 	0.13770632727592153	
13.5 	0.11297982698610289	
13.6 	0.08860155819937898	
13.7 	0.0649396426733173	
13.8 	0.04233910912613448	
13.9 	0.02111721993415119	
14.0 	0.0015592491063390738	
14.1 	-0.016085233000860642	
14.2 	-0.031605519456969614	
14.3 	-0.044832329674243214	
14.4 	-0.055639742220030194	
14.5 	-0.06394647295855613	
14.6 	-0.06971648311266322	
14.7 	-0.07295891133594608	
14.8 	-0.07372733357675317	
14.9 	-0.07211836422963087	
15.0 	-0.0682696216287646	
15.1 	-0.06235709016039692	
15.2 	-0.05459191998009094	
15.3 	-0.04521671335113594	
15.4 	-0.03450135382665253	
15.5 	-0.02273844075948017	
15.6 	-0.010238396849652118	
15.7 	0.0026756794300591595	
15.8 	0.01567334168160279	
15.9 	0.028422226964079776	
16.0 	0.040593513174136404	
16.1 	0.0518673251283995	
16.2 	0.06193801326853115	
16.3 	0.07051923102892838	
16.4 	0.07734873985565867	
16.5 	0.0821928745732626	
16.6 	0.08485060620227558	
16.7 	0.08515714438410385	
16.8 	0.08298702723166196	
16.9 	0.07825665266375618	
17.0 	0.07092621207433916	
17.1 	0.061000994511335574	
17.2 	0.04853203736601291	
17.3 	0.03361610786456201	
17.4 	0.01639500835432789	
17.5 	-0.002945792586815027	
17.6 	-0.02417919191620289	
17.7 	-0.04703912607720091	
17.8 	-0.07122385708644435	
17.9 	-0.09639983154351633	
18.0 	-0.12220606455380063	
18.1 	-0.14825899231256623	
18.2 	-0.17415772958818151	
18.3 	-0.1994896617332145	
18.4 	-0.22383629529267637	
18.5 	-0.24677928689013662	
18.6 	-0.267906566943189	
18.7 	-0.28681847294134727	
18.8 	-0.3031338065256275	
18.9 	-0.3164957294168026	
19.0 	-0.3265774152925064	
19.1 	-0.3330873779282695	
19.2 	-0.33577440018980786	
19.3 	-0.3344319936761049	
19.4 	-0.3289023248425906	
19.5 	-0.3190795501605701	
19.6 	-0.3049125101806079	
19.7 	-0.2864067401635822	
19.8 	-0.2636257631377573	
19.9 	-0.23669163976197347	
20.0 	-0.2057847581648214	
20.1 	-0.17114285593685638	
20.2 	-0.13305927563056552	
20.3 	-0.09188046442176642	
20.4 	-0.048002737949557936	
20.5 	-0.0018683377102092522	
20.6 	0.046039179352604556	
20.7 	0.09520017134757085	
20.8 	0.14506470555926587	
20.9 	0.19505885143430013	
21.0 	0.24459139998270882	
21.1 	0.2930609302265637	
21.2 	0.3398631373283574	
21.3 	0.38439833210003915	
21.4 	0.4260790178591431	
21.5 	0.4643374481665331	
21.6 	0.4986330679260023	
21.7 	0.5284597406901486	
21.8 	0.5533526668040117	
21.9 	0.5728949001960943	
22.0 	0.5867233761300061	
22.1 	0.5945343679637147	
22.2 	0.5960882978082678	
22.3 	0.5912138337977104	
22.4 	0.5798112153307908	
22.5 	0.561854756973895	
22.6 	0.5373944915776504	
22.7 	0.5065569234187854	
22.8 	0.4695448727074046	
22.9 	0.4266364034836451	
23.0 	0.37818283766493926	
23.1 	0.32460586870466984	
23.2 	0.26639379890123194	
23.3 	0.20409693477376256	
23.4 	0.13832218501733917	
23.5 	0.06972691528300956	
23.6 	-0.0009878766932092092	
23.7 	-0.07308499336099915	
23.8 	-0.14579899670516036	
23.9 	-0.21834460705397177	
24.0 	-0.28992544731557457	
24.1 	-0.3597430332052693	
24.2 	-0.427005905737472	
24.3 	-0.4909387991856355	
24.4 	-0.5507917359473364	
24.5 	-0.6058489393546117	
24.6 	-0.6554374564810099	
24.7 	-0.6989353854283267	
24.8 	-0.7357796054099748	
24.9 	-0.7654729131378133	
25.0 	-0.7875904754912585	
25.1 	-0.8017855161038665	
25.2 	-0.8077941622256882	
25.3 	-0.8054393878768784	
25.4 	-0.7946339997566833	
25.5 	-0.7753826234641171	
25.6 	-0.7477826591737046	
25.7 	-0.7120241878452029	
25.8 	-0.6683888211889283	
25.9 	-0.6172475008226777	
26.0 	-0.5590572642134682	
26.1 	-0.49435700697400353	
26.2 	-0.4237622827614774	
26.3 	-0.34795919328949687	
26.4 	-0.2676974316989985	
26.5 	-0.18378255262840038	
26.6 	-0.0970675516647483	
26.7 	-0.00844384533541761	
26.8 	0.08116824969439478	
26.9 	0.17082943312317556	
27.0 	0.2595916228600005	
27.1 	0.34650832786130487	
27.2 	0.4306450749268254	
27.3 	0.5110897711282089	
27.4 	0.5869628836593661	
27.5 	0.6574273204342088	
27.6 	0.7216978977011499	
27.7 	0.7790502852576525	
27.8 	0.8288293254731585	
27.9 	0.8704566291862417	
28.0 	0.9034373595363765	
28.1 	0.9273661238136561	
28.2 	0.9419319033429697	
28.3 	0.9469219621383439	
28.4 	0.9422246864410148	
28.5 	0.9278313191634668	
28.6 	0.9038365655737448	
28.7 	0.8704380591440675	
28.8 	0.8279346892302679	
28.9 	0.7767238050193417	
29.0 	0.717297322856008	
29.1 	0.6502367765077954	
29.2 	0.5762073620209285	
29.3 	0.49595104042136534	
29.4 	0.4102787724888711	
29.5 	0.3200619700369852	
29.6 	0.22622325742892246	
29.7 	0.12972664531335393	
29.8 	0.03156722564741934	
29.9 	-0.06723949712726826	
